 # time (fs)    drift velocity (cm/s)    drift acceleration (cm/s2)
          20.0000  -2.1634201470825513E+05  -1.0756486505333254E+04
          30.0000  -3.2271459334352741E+05  -1.0637257863527228E+04
          40.0000  -4.2791405086386210E+05  -1.0519945752033469E+04
          50.0000  -5.3195877884900966E+05  -1.0404472798514757E+04
          60.0000  -6.3486645375200419E+05  -1.0290767490299453E+04
          70.0000  -7.3665408980132744E+05  -1.0178763604932325E+04
          80.0000  -8.3733808685427858E+05  -1.0068399705295113E+04
          90.0000  -9.3693427376294590E+05  -9.9596186908667332E+03
         100.0000  -1.0354579477428924E+06  -9.8523673979946525E+03
         110.0000  -1.1329239101736385E+06  -9.7465962430746058E+03
         120.0000  -1.2293464992077153E+06  -9.6422589034076773E+03
         130.0000  -1.3247396195199597E+06  -9.5393120312244391E+03
         140.0000  -1.4191167694896697E+06  -9.4377149969710044E+03
         150.0000  -1.5124910660744340E+06  -9.3374296584764270E+03
         160.0000  -1.6048752676049662E+06  -9.2384201530532209E+03
         170.0000  -1.6962817947044664E+06  -9.1406527099500181E+03
         180.0000  -1.7867227495136978E+06  -9.0440954809231444E+03
         190.0000  -1.8762099333830392E+06  -8.9487183869341388E+03
         200.0000  -1.9647548631755842E+06  -8.8544929792545045E+03
         210.0000  -2.0523687863100267E+06  -8.7613923134442412E+03
         220.0000  -2.1390626946585318E+06  -8.6693908348505156E+03
         230.0000  -2.2248473374031307E+06  -8.5784642744598914E+03
         240.0000  -2.3097332329431572E+06  -8.4885895540026486E+03
         250.0000  -2.3937306799375974E+06  -8.3997446994440161E+03
         260.0000  -2.4768497675570822E+06  -8.3119087619484872E+03
         270.0000  -2.5591003850136837E+06  -8.2250617456601467E+03
         280.0000  -2.6404922304294142E+06  -8.1391845415730495E+03
         290.0000  -2.7210348190989061E+06  -8.0542588669491934E+03
         300.0000  -2.8007374911963008E+06  -7.9702672097394707E+03
         310.0000  -2.8796094189716568E+06  -7.8871927775355989E+03
         320.0000  -2.9576596134781484E+06  -7.8050194506491534E+03
         330.0000  -3.0348969308672980E+06  -7.7237317389149684E+03
         340.0000  -3.1113300782863731E+06  -7.6433147419075012E+03
         350.0000  -3.1869676194087570E+06  -7.5637541122383900E+03
         360.0000  -3.2618179796256567E+06  -7.4850360216899771E+03
         370.0000  -3.3358894509246633E+06  -7.4071471299006607E+03
         380.0000  -3.4091901964788497E+06  -7.3300745554186406E+03
         390.0000  -3.4817282549676951E+06  -7.2538058488845363E+03
         400.0000  -3.5535115446496904E+06  -7.1783289681995284E+03
         410.0000  -3.6245478672043402E+06  -7.1036322554649787E+03
         420.0000  -3.6948449113603267E+06  -7.0297044155986514E+03
         430.0000  -3.7644102563247890E+06  -6.9565344964462329E+03
         440.0000  -3.8332513750276738E+06  -6.8841118702884760E+03
         450.0000  -3.9013756371938759E+06  -6.8124262166202070E+03
         460.0000  -3.9687903122551013E+06  -6.7414675061225425E+03
         470.0000  -4.0355025721119866E+06  -6.6712259856885303E+03
         480.0000  -4.1015194937567082E+06  -6.6016921644721642E+03
         490.0000  -4.1668480617651544E+06  -6.5328568008446136E+03
         500.0000  -4.2314951706671091E+06  -6.4647108901954725E+03
         510.0000  -4.2954676272024941E+06  -6.3972456535384990E+03
         520.0000  -4.3587721524706949E+06  -6.3304525268200787E+03
         530.0000  -4.4214153839798281E+06  -6.2643231509133238E+03
         540.0000  -4.4834038776020771E+06  -6.1988493622248989E+03
         550.0000  -4.5447441094410550E+06  -6.1340231838977897E+03
         560.0000  -4.6054424776162701E+06  -6.0698368175215091E+03
         570.0000  -4.6655053039698564E+06  -6.0062826353586279E+03
         580.0000  -4.7249388357002232E+06  -5.9433531730366867E+03
         590.0000  -4.7837492469266374E+06  -5.8810411226414144E+03
         600.0000  -4.8419426401891755E+06  -5.8193393262538129E+03
         610.0000  -4.8995250478873122E+06  -5.7582407698136758E+03
         620.0000  -4.9565024336610297E+06  -5.6977385773717424E+03
         630.0000  -5.0128806937173232E+06  -5.6378260056293566E+03
         640.0000  -5.0686656581054693E+06  -5.5784964388146063E+03
         650.0000  -5.1238630919435220E+06  -5.5197433838052675E+03
         660.0000  -5.1784786965991305E+06  -5.4615604655608531E+03
         670.0000  -5.2325181108267391E+06  -5.4039414227608595E+03
         680.0000  -5.2859869118636353E+06  -5.3468801036896184E+03
         690.0000  -5.3388906164872460E+06  -5.2903704623610711E+03
         700.0000  -5.3912346820353195E+06  -5.2344065548073504E+03
         710.0000  -5.4430245073912693E+06  -5.1789825355949815E+03
         720.0000  -5.4942654339362187E+06  -5.1240926544949416E+03
         730.0000  -5.5449627464697035E+06  -5.0697312533484774E+03
         740.0000  -5.5951216741003525E+06  -5.0158927630648950E+03
         750.0000  -5.6447473911082270E+06  -4.9625717007874509E+03
         760.0000  -5.6938450177802946E+06  -4.9097626672067681E+03
         770.0000  -5.7424196212200839E+06  -4.8574603439789262E+03
         780.0000  -5.7904762161331251E+06  -4.8056594913041217E+03
         790.0000  -5.8380197655891720E+06  -4.7543549456046894E+03
         800.0000  -5.8850551817623535E+06  -4.7035416173181493E+03
         810.0000  -5.9315873266503187E+06  -4.6532144887965169E+03
         820.0000  -5.9776210127734495E+06  -4.6033686123130847E+03
         830.0000  -6.0231610038550179E+06  -4.5539991081568414E+03
         840.0000  -6.0682120154832592E+06  -4.5051011628241276E+03
         850.0000  -6.1127787157560186E+06  -4.4566700272759426E+03
         860.0000  -6.1568657259091195E+06  -4.4087010153100828E+03
         870.0000  -6.2004776209289571E+06  -4.3611895019837657E+03
         880.0000  -6.2436189301500013E+06  -4.3141309221044185E+03
         890.0000  -6.2862941378382100E+06  -4.2675207688208666E+03
         900.0000  -6.3285076837606421E+06  -4.2213545922432095E+03
         910.0000  -6.3702639637420820E+06  -4.1756279981439930E+03
         920.0000  -6.4115673302093195E+06  -4.1303366467237474E+03
         930.0000  -6.4524220927234218E+06  -4.0854762514102272E+03
         940.0000  -6.4928325185006894E+06  -4.0410425777267665E+03
         950.0000  -6.5328028329228302E+06  -3.9970314422140827E+03
         960.0000  -6.5723372200366613E+06  -3.9534387113831008E+03
         970.0000  -6.6114398230438838E+06  -3.9102603007222524E+03
         980.0000  -6.6501147447814159E+06  -3.8674921737532131E+03
         990.0000  -6.6883660481925039E+06  -3.8251303411087952E+03
        1000.0000  -6.7261977567892317E+06  -3.7831708596727813E+03
        1010.0000  -6.7636138551066220E+06  -3.7416098317390306E+03
        1020.0000  -6.8006182891486008E+06  -3.7004434041978793E+03
        1030.0000  -6.8372149668264845E+06  -3.6596677677883768E+03
        1040.0000  -6.8734077583898073E+06  -3.6192791563322767E+03
        1050.0000  -6.9092004968503602E+06  -3.5792738460552878E+03
        1060.0000  -6.9445969783990271E+06  -3.5396481548666952E+03
        1070.0000  -6.9796009628164088E+06  -3.5003984417381698E+03
        1080.0000  -7.0142161738768173E+06  -3.4615211060408501E+03
        1090.0000  -7.0484462997463588E+06  -3.4230125869541430E+03
        1100.0000  -7.0822949933751281E+06  -3.3848693628769370E+03
        1110.0000  -7.1157658728835275E+06  -3.3470879508399403E+03
        1120.0000  -7.1488625219434025E+06  -3.3096649059874935E+03
        1130.0000  -7.1815884901536554E+06  -3.2725968210252931E+03
        1140.0000  -7.2139472934107445E+06  -3.2358803257089107E+03
        1150.0000  -7.2459424142743731E+06  -3.1995120863628572E+03
        1160.0000  -7.2775773023281274E+06  -3.1634888053754344E+03
        1170.0000  -7.3088553745356305E+06  -3.1278072207503019E+03
        1180.0000  -7.3397800155920293E+06  -3.0924641056398859E+03
        1190.0000  -7.3703545782711999E+06  -3.0574562679170631E+03
        1200.0000  -7.4005823837685352E+06  -3.0227805497335271E+03
        1210.0000  -7.4304667220395124E+06  -2.9884338270977141E+03
        1220.0000  -7.4600108521344215E+06  -2.9544130094909110E+03
        1230.0000  -7.4892180025287559E+06  -2.9207150394334458E+03
        1240.0000  -7.5180913714500433E+06  -2.8873368921287356E+03
        1250.0000  -7.5466341272006631E+06  -2.8542755750619808E+03
        1260.0000  -7.5748494084770214E+06  -2.8215281276358292E+03
        1270.0000  -7.6027403246850474E+06  -2.7890916208026001E+03
        1280.0000  -7.6303099562521921E+06  -2.7569631567144766E+03
        1290.0000  -7.6575613549357820E+06  -2.7251398683589882E+03
        1300.0000  -7.6844975441280408E+06  -2.6936189192258753E+03
        1310.0000  -7.7111215191576965E+06  -2.6623975029655730E+03
        1320.0000  -7.7374362475882769E+06  -2.6314728430580349E+03
        1330.0000  -7.7634446695130207E+06  -2.6008421924743802E+03
        1340.0000  -7.7891496978467479E+06  -2.5705028333727269E+03
        1350.0000  -7.8145542186143612E+06  -2.5404520767613312E+03
        1360.0000  -7.8396610912364088E+06  -2.5106872622047549E+03
        1370.0000  -7.8644731488113124E+06  -2.4812057574903592E+03
        1380.0000  -7.8889931983947372E+06  -2.4520049583424816E+03
        1390.0000  -7.9132240212759553E+06  -2.4230822881218046E+03
        1400.0000  -7.9371683732510433E+06  -2.3944351975088007E+03
        1410.0000  -7.9608289848932652E+06  -2.3660611642221920E+03
        1420.0000  -7.9842085618205527E+06  -2.3379576927287503E+03
        1430.0000  -8.0073097849601386E+06  -2.3101223139585927E+03
        1440.0000  -8.0301353108100640E+06  -2.2825525849925352E+03
        1450.0000  -8.0526877716983352E+06  -2.2552460888271221E+03
        1460.0000  -8.0749697760388004E+06  -2.2282004340465182E+03
        1470.0000  -8.0969839085846236E+06  -2.2014132545823231E+03
        1480.0000  -8.1187327306787511E+06  -2.1748822094127536E+03
        1490.0000  -8.1402187805018993E+06  -2.1486049823148178E+03
        1500.0000  -8.1614445733175464E+06  -2.1225792815647087E+03
        1510.0000  -8.1824126017145785E+06  -2.0968028397032058E+03
        1520.0000  -8.2031253358470974E+06  -2.0712734132518990E+03
        1530.0000  -8.2235852236715816E+06  -2.0459887824484147E+03
        1540.0000  -8.2437946911815833E+06  -2.0209467510001734E+03
        1550.0000  -8.2637561426396668E+06  -1.9961451458083466E+03
        1560.0000  -8.2834719608069807E+06  -1.9715818167313932E+03
        1570.0000  -8.3029445071701100E+06  -1.9472546363129281E+03
        1580.0000  -8.3221761221654201E+06  -1.9231614995310083E+03
        1590.0000  -8.3411691254011188E+06  -1.8993003235698677E+03
        1600.0000  -8.3599258158765752E+06  -1.8756690475456417E+03
        1610.0000  -8.3784484721992807E+06  -1.8522656322705559E+03
        1620.0000  -8.3967393527993299E+06  -1.8290880600049161E+03
        1630.0000  -8.4148006961416062E+06  -1.8061343342276291E+03
        1640.0000  -8.4326347209353875E+06  -1.7834024793781341E+03
        1650.0000  -8.4502436263416223E+06  -1.7608905406234785E+03
        1660.0000  -8.4676295921779443E+06  -1.7385965836321934E+03
        1670.0000  -8.4847947791211773E+06  -1.7165186943233014E+03
        1680.0000  -8.5017413289075699E+06  -1.6946549786392600E+03
        1690.0000  -8.5184713645307701E+06  -1.6730035623200238E+03
        1700.0000  -8.5349869904374015E+06  -1.6515625906631351E+03
        1710.0000  -8.5512902927204836E+06  -1.6303302283082157E+03
        1720.0000  -8.5673833393104337E+06  -1.6093046589950100E+03
        1730.0000  -8.5832681801639535E+06  -1.5884840853519738E+03
        1740.0000  -8.5989468474506009E+06  -1.5678667286647483E+03
        1750.0000  -8.6144213557373490E+06  -1.5474508286748082E+03
        1760.0000  -8.6296937021705508E+06  -1.5272346433201806E+03
        1770.0000  -8.6447658666561823E+06  -1.5072164485631511E+03
        1780.0000  -8.6596398120375276E+06  -1.4873945381345227E+03
        1790.0000  -8.6743174842710756E+06  -1.4677672233548014E+03
        1800.0000  -8.6888008126000129E+06  -1.4483328328937291E+03
        1810.0000  -8.7030917097257692E+06  -1.4290897125756369E+03
        1820.0000  -8.7171920719773192E+06  -1.4100362251549959E+03
        1830.0000  -8.7311037794785909E+06  -1.3911707501271740E+03
        1840.0000  -8.7448286963136345E+06  -1.3724916835043580E+03
        1850.0000  -8.7583686706898808E+06  -1.3539974376246332E+03
        1860.0000  -8.7717255350992251E+06  -1.3356864409344271E+03
        1870.0000  -8.7849011064773165E+06  -1.3175571378091349E+03
        1880.0000  -8.7978971863604896E+06  -1.2996079883173109E+03
        1890.0000  -8.8107155610411167E+06  -1.2818374680627137E+03
        1900.0000  -8.8233580017207041E+06  -1.2642440679587423E+03
        1910.0000  -8.8358262646610793E+06  -1.2468262940375134E+03
        1920.0000  -8.8481220913338102E+06  -1.2295826672730968E+03
        1930.0000  -8.8602472085674312E+06  -1.2125117233620956E+03
        1940.0000  -8.8722033286929931E+06  -1.1956120125561952E+03
        1950.0000  -8.8839921496875491E+06  -1.1788820994555949E+03
        1960.0000  -8.8956153553158268E+06  -1.1623205628277733E+03
        1970.0000  -8.9070746152701061E+06  -1.1459259954279289E+03
        1980.0000  -8.9183715853080470E+06  -1.1296970037940889E+03
        1990.0000  -8.9295079073889870E+06  -1.1136322080940008E+03
        2000.0000  -8.9404852098080050E+06  -1.0977302419018001E+03
        2010.0000  -8.9513051073285602E+06  -1.0819897520555182E+03
        2020.0000  -8.9619692013131380E+06  -1.0664093984577805E+03
        2030.0000  -8.9724790798522085E+06  -1.0509878539070487E+03
        2040.0000  -8.9828363178912420E+06  -1.0357238039033487E+03
        2050.0000  -8.9930424773562178E+06  -1.0206159464975819E+03
        2060.0000  -9.0030991072772499E+06  -1.0056629921032115E+03
        2070.0000  -9.0130077439105138E+06  -9.9086366332639011E+02
        2080.0000  -9.0227699108584970E+06  -9.7621669479832053E+02
        2090.0000  -9.0323871191885341E+06  -9.6172083300370718E+02
        2100.0000  -9.0418608675496727E+06  -9.4737483611386267E+02
        2110.0000  -9.0511926422879174E+06  -9.3317747382447124E+02
        2120.0000  -9.0603839175596442E+06  -9.1912752717267722E+02
        2130.0000  -9.0694361554437820E+06  -9.0522378841377792E+02
        2140.0000  -9.0783508060518596E+06  -8.9146506080776453E+02
        2150.0000  -9.0871293076369688E+06  -8.7785015851091589E+02
        2160.0000  -9.0957730867006555E+06  -8.6437790636867283E+02
        2170.0000  -9.1042835580986403E+06  -8.5104713979847725E+02
        2180.0000  -9.1126621251447834E+06  -8.3785670461431141E+02
        2190.0000  -9.1209101797136161E+06  -8.2480545688327402E+02
        2200.0000  -9.1290291023411117E+06  -8.1189226274956013E+02
        2210.0000  -9.1370202623242978E+06  -7.9911599831860508E+02
        2220.0000  -9.1448850178191550E+06  -7.8647554948572065E+02
        2230.0000  -9.1526247159370854E+06  -7.7396981179304419E+02
        2240.0000  -9.1602406928399540E+06  -7.6159769028685992E+02
        2250.0000  -9.1677342738336623E+06  -7.4935809937082229E+02
        2260.0000  -9.1751067734603062E+06  -7.3724996266439553E+02
        2270.0000  -9.1823594955889434E+06  -7.2527221286371355E+02
        2280.0000  -9.1894937335049100E+06  -7.1342379159666598E+02
        2290.0000  -9.1965107699978463E+06  -7.0170364929363132E+02
        2300.0000  -9.2034118774484042E+06  -6.9011074505578722E+02
        2310.0000  -9.2101983179133348E+06  -6.7864404649306084E+02
        2320.0000  -9.2168713432097398E+06  -6.6730252964049578E+02
        2330.0000  -9.2234321949975155E+06  -6.5608517877757549E+02
        2340.0000  -9.2298821048608460E+06  -6.4499098633304243E+02
        2350.0000  -9.2362222943882793E+06  -6.3401895274333651E+02
        2360.0000  -9.2424539752516989E+06  -6.2316808634195479E+02
        2370.0000  -9.2485783492838070E+06  -6.1243740321081134E+02
        2380.0000  -9.2545966085546818E+06  -6.0182592708747836E+02
        2390.0000  -9.2605099354469087E+06  -5.9133268922269349E+02
        2400.0000  -9.2663195027297754E+06  -5.8095672828666864E+02
        2410.0000  -9.2720264736319706E+06  -5.7069709021952008E+02
        2420.0000  -9.2776320019135103E+06  -5.6055282815396788E+02
        2430.0000  -9.2831372319363374E+06  -5.5052300228271633E+02
        2440.0000  -9.2885432987338044E+06  -5.4060667974669491E+02
        2450.0000  -9.2938513280791659E+06  -5.3080293453615161E+02
        2460.0000  -9.2990624365529306E+06  -5.2111084737647320E+02
        2470.0000  -9.3041777316093296E+06  -5.1152950563989577E+02
        2480.0000  -9.3091983116414715E+06  -5.0205800321418792E+02
        2490.0000  -9.3141252660456616E+06  -4.9269544041901827E+02
        2500.0000  -9.3189596752849799E+06  -4.8344092393182217E+02
        2510.0000  -9.3237026109512150E+06  -4.7429356662351637E+02
        2520.0000  -9.3283551358266696E+06  -4.6525248754546044E+02
        2530.0000  -9.3329183039443810E+06  -4.5631681177113205E+02
        2540.0000  -9.3373931606477983E+06  -4.4748567034173755E+02
        2550.0000  -9.3417807426493634E+06  -4.3875820015650243E+02
        2560.0000  -9.3460820780883990E+06  -4.3013354390356687E+02
        2570.0000  -9.3502981865880396E+06  -4.2161084996405987E+02
        2580.0000  -9.3544300793112349E+06  -4.1318927231952546E+02
        2590.0000  -9.3584787590161767E+06  -4.0486797049418090E+02
        2600.0000  -9.3624452201107107E+06  -3.9664610945340246E+02
        2610.0000  -9.3663304487060849E+06  -3.8852285953741523E+02
        2620.0000  -9.3701354226697925E+06  -3.8049739637076857E+02
        2630.0000  -9.3738611116779819E+06  -3.7256890081893653E+02
        2640.0000  -9.3775084772667680E+06  -3.6473655887860804E+02
        2650.0000  -9.3810784728831146E+06  -3.5699956163465976E+02
        2660.0000  -9.3845720439348593E+06  -3.4935710517447444E+02
        2670.0000  -9.3879901278402377E+06  -3.4180839053783563E+02
        2680.0000  -9.3913336540765315E+06  -3.3435262362938374E+02
        2690.0000  -9.3946035442283396E+06  -3.2698901518080385E+02
        2700.0000  -9.3978007120350413E+06  -3.1971678067017348E+02
        2710.0000  -9.4009260634376779E+06  -3.1253514026366173E+02
        2720.0000  -9.4039804966254123E+06  -3.0544331877343359E+02
        2730.0000  -9.4069649020813145E+06  -2.9844054559022186E+02
        2740.0000  -9.4098801626275126E+06  -2.9152605461981148E+02
        2750.0000  -9.4127271534699872E+06  -2.8469908424746245E+02
        2760.0000  -9.4155067422427349E+06  -2.7795887727476656E+02
        2770.0000  -9.4182197890515197E+06  -2.7130468087848277E+02
        2780.0000  -9.4208671465170197E+06  -2.6473574655000118E+02
        2790.0000  -9.4234496598177347E+06  -2.5825133007150146E+02
        2800.0000  -9.4259681667321380E+06  -2.5185069144032894E+02
        2810.0000  -9.4284234976807162E+06  -2.4553309485781938E+02
        2820.0000  -9.4308164757673480E+06  -2.3929780866317452E+02
        2830.0000  -9.4331479168203510E+06  -2.3314410530030727E+02
        2840.0000  -9.4354186294332948E+06  -2.2707126129437239E+02
        2850.0000  -9.4376294150051381E+06  -2.2107855718433856E+02
        2860.0000  -9.4397810677802712E+06  -2.1516527751330287E+02
        2870.0000  -9.4418743748881780E+06  -2.0933071079067886E+02
        2880.0000  -9.4439101163826492E+06  -2.0357414944712073E+02
        2890.0000  -9.4458890652806833E+06  -1.9789488980341702E+02
        2900.0000  -9.4478119876012392E+06  -1.9229223205558955E+02
        2910.0000  -9.4496796424035542E+06  -1.8676548023149371E+02
        2920.0000  -9.4514927818253916E+06  -1.8131394218374044E+02
        2930.0000  -9.4532521511205342E+06  -1.7593692951425911E+02
        2940.0000  -9.4549584886966906E+06  -1.7063375761564822E+02
        2950.0000  -9.4566125261526443E+06  -1.6540374559536576E+02
        2960.0000  -9.4582149883153383E+06  -1.6024621626939626E+02
        2970.0000  -9.4597665932769421E+06  -1.5516049616038799E+02
        2980.0000  -9.4612680524313189E+06  -1.5014591543767602E+02
        2990.0000  -9.4627200705106016E+06  -1.4520180792827159E+02
        3000.0000  -9.4641233456215486E+06  -1.4032751109469683E+02
        3010.0000  -9.4654785692814477E+06  -1.3552236598990856E+02
        3020.0000  -9.4667864264543541E+06  -1.3078571729063987E+02
        3030.0000  -9.4680475955866072E+06  -1.2611691322531551E+02
        3040.0000  -9.4692627486426942E+06  -1.2151530560869723E+02
        3050.0000  -9.4704325511406586E+06  -1.1698024979643523E+02
        3060.0000  -9.4715576621874217E+06  -1.1251110467631369E+02
        3070.0000  -9.4726387345141713E+06  -1.0810723267495632E+02
        3080.0000  -9.4736764145113882E+06  -1.0376799972169101E+02
        3090.0000  -9.4746713422639463E+06  -9.9492775255814195E+01
        3100.0000  -9.4756241515860464E+06  -9.5280932210013276E+01
        3110.0000  -9.4765354700559787E+06  -9.1131846993230283E+01
        3120.0000  -9.4774059190510567E+06  -8.7044899507798249E+01
        3130.0000  -9.4782361137820650E+06  -8.3019473100826147E+01
        3140.0000  -9.4790266633281130E+06  -7.9054954604804522E+01
        3150.0000  -9.4797781706709918E+06  -7.5150734287872908E+01
        3160.0000  -9.4804912327298075E+06  -7.1306205881573263E+01
        3170.0000  -9.4811664403952565E+06  -6.7520766544900837E+01
        3180.0000  -9.4818043785641659E+06  -6.3793816890940072E+01
        3190.0000  -9.4824056261737589E+06  -6.0124760959297419E+01
        3200.0000  -9.4829707562359385E+06  -5.6513006217963991E+01
        3210.0000  -9.4835003358716033E+06  -5.2957963566482064E+01
        3220.0000  -9.4839949263449069E+06  -4.9459047330357137E+01
        3230.0000  -9.4844550830972996E+06  -4.6015675239264965E+01
        3240.0000  -9.4848813557819631E+06  -4.2627268466353414E+01
        3250.0000  -9.4852742882978078E+06  -3.9293251584470269E+01
        3260.0000  -9.4856344188237153E+06  -3.6013052590750156E+01
        3270.0000  -9.4859622798525710E+06  -3.2786102885566649E+01
        3280.0000  -9.4862583982256409E+06  -2.9611837306991220E+01
        3290.0000  -9.4865232951663118E+06  -2.6489694067090749E+01
        3300.0000  -9.4867574863145240E+06  -2.3419114821217953E+01
        3310.0000  -9.4869614817608744E+06  -2.0399544635042549E+01
        3320.0000  -9.4871357860805057E+06  -1.7430431963130832E+01
        3330.0000  -9.4872808983674850E+06  -1.4511228697933257E+01
        3340.0000  -9.4873973122687675E+06  -1.1641390128247441E+01
        3350.0000  -9.4874855160183571E+06  -8.8203749589622014E+00
        3360.0000  -9.4875459924714509E+06  -6.0476453093811866E+00
        3370.0000  -9.4875792191386167E+06  -3.3226667165756227E+00
        3380.0000  -9.4875856682198327E+06  -6.4490812160074706E-01
        3390.0000  -9.4875658066387326E+06   1.9861581100150942E+00
        3400.0000  -9.4875200960767195E+06   4.5710562013089655E+00
        3410.0000  -9.4874489930071365E+06   7.1103069582954053E+00
        3420.0000  -9.4873529487294909E+06   9.6044277645647522E+00
        3430.0000  -9.4872324094035756E+06   1.2053932591527701E+01
        3440.0000  -9.4870878160836548E+06   1.4459331992082298E+01
        3450.0000  -9.4869196047527976E+06   1.6821133085712791E+01
        3460.0000  -9.4867282063568700E+06   1.9139839592762293E+01
        3470.0000  -9.4865140468389913E+06   2.1415951787866653E+01
        3480.0000  -9.4862775471735504E+06   2.3649966544099151E+01
        3490.0000  -9.4860191234005503E+06   2.5842377300001679E+01
        3500.0000  -9.4857391866597999E+06   2.7993674075044691E+01
        3510.0000  -9.4854381432251763E+06   3.0104343462362884E+01
        3520.0000  -9.4851163945388682E+06   3.2174868630804120E+01
        3530.0000  -9.4847743372455221E+06   3.4205729334615171E+01
        3540.0000  -9.4844123632266410E+06   3.6197401888109745E+01
        3550.0000  -9.4840308596346583E+06   3.8150359198264781E+01
        3560.0000  -9.4836302089273091E+06   4.0065070734918116E+01
        3570.0000  -9.4832107889016867E+06   4.1942002562247218E+01
        3580.0000  -9.4827729727287274E+06   4.3781617295928299E+01
        3590.0000  -9.4823171289871391E+06   4.5584374158829448E+01
        3600.0000  -9.4818436216976903E+06   4.7350728944875300E+01
        3610.0000  -9.4813528103575986E+06   4.9081134009175003E+01
        3620.0000  -9.4808450499743223E+06   5.0776038327626885E+01
        3630.0000  -9.4803206911000442E+06   5.2435887427814308E+01
        3640.0000  -9.4797800798656922E+06   5.4061123435199264E+01
        3650.0000  -9.4792235580150094E+06   5.5652185068279508E+01
        3660.0000  -9.4786514629386514E+06   5.7209507635794580E+01
        3670.0000  -9.4780641277083009E+06   5.8733523035049437E+01
        3680.0000  -9.4774618811106589E+06   6.0224659764207900E+01
        3690.0000  -9.4768450476814900E+06   6.1683342916890979E+01
        3700.0000  -9.4762139477394819E+06   6.3109994200803342E+01
        3710.0000  -9.4755688974203505E+06   6.4505031913146382E+01
        3720.0000  -9.4749102087105326E+06   6.5868870981782678E+01
        3730.0000  -9.4742381894811988E+06   6.7201922933384779E+01
        3740.0000  -9.4735531435219329E+06   6.8504595926590270E+01
        3750.0000  -9.4728553705746699E+06   6.9777294726297256E+01
        3760.0000  -9.4721451663670819E+06   7.1020420758798721E+01
        3770.0000  -9.4714228226466421E+06   7.2234372043982148E+01
        3780.0000  -9.4706886272138767E+06   7.3419543276540935E+01
        3790.0000  -9.4699428639561515E+06   7.4576325772516427E+01
        3800.0000  -9.4691858128809240E+06   7.5705107522755867E+01
        3810.0000  -9.4684177501494400E+06   7.6806273148395121E+01
        3820.0000  -9.4676389481098447E+06   7.7880203959532082E+01
        3830.0000  -9.4668496753305662E+06   7.8927277927845722E+01
        3840.0000  -9.4660501966335569E+06   7.9947869700938469E+01
        3850.0000  -9.4652407731273826E+06   8.0942350617423656E+01
        3860.0000  -9.4644216622403320E+06   8.1911088705062866E+01
        3870.0000  -9.4635931177532580E+06   8.2854448707401758E+01
        3880.0000  -9.4627553898327257E+06   8.3772792053222659E+01
        3890.0000  -9.4619087250636276E+06   8.4666476909816268E+01
        3900.0000  -9.4610533664819244E+06   8.5535858170315620E+01
        3910.0000  -9.4601895536074415E+06   8.6381287448294458E+01
        3920.0000  -9.4593175224762373E+06   8.7203113120421762E+01
        3930.0000  -9.4584375056731030E+06   8.8001680313423279E+01
        3940.0000  -9.4575497323639635E+06   8.8777330913953477E+01
        3950.0000  -9.4566544283280596E+06   8.9530403590388602E+01
        3960.0000  -9.4557518159901798E+06   9.0261233787983656E+01
        3970.0000  -9.4548421144526005E+06   9.0970153757929808E+01
        3980.0000  -9.4539255395270903E+06   9.1657492551021278E+01
        3990.0000  -9.4530023037667256E+06   9.2323576036468154E+01
        4000.0000  -9.4520726164975446E+06   9.2968726918101311E+01
        4010.0000  -9.4511366838502325E+06   9.3593264731206006E+01
        4020.0000  -9.4501947087915242E+06   9.4197505870833993E+01
        4030.0000  -9.4492468911555465E+06   9.4781763597764069E+01
        4040.0000  -9.4482934276751373E+06   9.5346348040923473E+01
        4050.0000  -9.4473345120129511E+06   9.5891566218622032E+01
        4060.0000  -9.4463703347922433E+06   9.6417722070775923E+01
        4070.0000  -9.4454010836280342E+06   9.6925116420909760E+01
        4080.0000  -9.4444269431575891E+06   9.7414047044515613E+01
        4090.0000  -9.4434480950711183E+06   9.7884808647073811E+01
        4100.0000  -9.4424647181421965E+06   9.8337692892178893E+01
        4110.0000  -9.4414769882580880E+06   9.8772988410852847E+01
        4120.0000  -9.4404850784498993E+06   9.9190980818867686E+01
        4130.0000  -9.4394891589226499E+06   9.9591952724941081E+01
        4140.0000  -9.4384893970851749E+06   9.9976183747500187E+01
        4150.0000  -9.4374859575797934E+06   1.0034395053815096E+02
        4160.0000  -9.4364790023120027E+06   1.0069552677907049E+02
        4170.0000  -9.4354686904798690E+06   1.0103118321336805E+02
        4180.0000  -9.4344551786033809E+06   1.0135118764881045E+02
        4190.0000  -9.4334386205534860E+06   1.0165580498948694E+02
        4200.0000  -9.4324191675812751E+06   1.0194529722109436E+02
        4210.0000  -9.4313969683466665E+06   1.0221992346085608E+02
        4220.0000  -9.4303721689470522E+06   1.0247993996143342E+02
        4230.0000  -9.4293449129460901E+06   1.0272560009621084E+02
        4240.0000  -9.4283153414016888E+06   1.0295715444013476E+02
        4250.0000  -9.4272835928946044E+06   1.0317485070843250E+02
        4260.0000  -9.4262498035561480E+06   1.0337893384564669E+02
        4270.0000  -9.4252141070962511E+06   1.0356964598968625E+02
        4280.0000  -9.4241766348311771E+06   1.0374722650740296E+02
        4290.0000  -9.4231375157109816E+06   1.0391191201955080E+02
        4300.0000  -9.4220968763469066E+06   1.0406393640749157E+02
        4310.0000  -9.4210548410387468E+06   1.0420353081598878E+02
        4320.0000  -9.4200115318016391E+06   1.0433092371076346E+02
        4330.0000  -9.4189670683931075E+06   1.0444634085316211E+02
        4340.0000  -9.4179215683397446E+06   1.0455000533629209E+02
        4350.0000  -9.4168751469637081E+06   1.0464213760364801E+02
        4360.0000  -9.4158279174090140E+06   1.0472295546941459E+02
        4370.0000  -9.4147799906678759E+06   1.0479267411381007E+02
        4380.0000  -9.4137314756065477E+06   1.0485150613281876E+02
        4390.0000  -9.4126824789912160E+06   1.0489966153316200E+02
        4400.0000  -9.4116331055136826E+06   1.0493734775334596E+02
        4410.0000  -9.4105834578167833E+06   1.0496476968992502E+02
        4420.0000  -9.4095336365197226E+06   1.0498212970606983E+02
        4430.0000  -9.4084837402431332E+06   1.0498962765894831E+02
        4440.0000  -9.4074338656340893E+06   1.0498746090438217E+02
        4450.0000  -9.4063841073908228E+06   1.0497582432664930E+02
        4460.0000  -9.4053345582872853E+06   1.0495491035375744E+02
        4470.0000  -9.4042853091975804E+06   1.0492490897048265E+02
        4480.0000  -9.4032364491201639E+06   1.0488600774165243E+02
        4490.0000  -9.4021880652018376E+06   1.0483839183263481E+02
        4500.0000  -9.4011402427616268E+06   1.0478224402107298E+02
        4510.0000  -9.4000930653145425E+06   1.0471774470843374E+02
        4520.0000  -9.3990466145948973E+06   1.0464507196452469E+02
        4530.0000  -9.3980009705796670E+06   1.0456440152302385E+02
        4540.0000  -9.3969562115117647E+06   1.0447590679023415E+02
        4550.0000  -9.3959124139227029E+06   1.0437975890617818E+02
        4560.0000  -9.3948696526555382E+06   1.0427612671647221E+02
        4570.0000  -9.3938280008874629E+06   1.0416517680753023E+02
        4580.0000  -9.3927875301520023E+06   1.0404707354605198E+02
        4590.0000  -9.3917483103614468E+06   1.0392197905555368E+02
        4600.0000  -9.3907104098286554E+06   1.0379005327913910E+02
        4610.0000  -9.3896738952890970E+06   1.0365145395584405E+02
        4620.0000  -9.3886388319223374E+06   1.0350633667595685E+02
        4630.0000  -9.3876052833735831E+06   1.0335485487543046E+02
        4640.0000  -9.3865733117749859E+06   1.0319715985972434E+02
        4650.0000  -9.3855429777666628E+06   1.0303340083230287E+02
        4660.0000  -9.3845143405176997E+06   1.0286372489631177E+02
        4670.0000  -9.3834874577468708E+06   1.0268827708289027E+02
        4680.0000  -9.3824623857431374E+06   1.0250720037333667E+02
        4690.0000  -9.3814391793860961E+06   1.0232063570413739E+02
        4700.0000  -9.3804178921661526E+06   1.0212872199434787E+02
        4710.0000  -9.3793985762044564E+06   1.0193159616962075E+02
        4720.0000  -9.3783812822727989E+06   1.0172939316574484E+02
        4730.0000  -9.3773660598132797E+06   1.0152224595192820E+02
        4740.0000  -9.3763529569577277E+06   1.0131028555519879E+02
        4750.0000  -9.3753420205469821E+06   1.0109364107456058E+02
        4760.0000  -9.3743332961500175E+06   1.0087243969645351E+02
        4770.0000  -9.3733268280828800E+06   1.0064680671375245E+02
        4780.0000  -9.3723226594274454E+06   1.0041686554346234E+02
        4790.0000  -9.3713208320499621E+06   1.0018273774832487E+02
        4800.0000  -9.3703213866193891E+06   9.9944543057307598E+01
        4810.0000  -9.3693243626258187E+06   9.9702399357035759E+01
        4820.0000  -9.3683297983982153E+06   9.9456422760337588E+01
        4830.0000  -9.3673377311225981E+06   9.9206727561727163E+01
        4840.0000  -9.3663481968594156E+06   9.8953426318243146E+01
        4850.0000  -9.3653612305613793E+06   9.8696629803627729E+01
        4860.0000  -9.3643768660904970E+06   9.8436447088234132E+01
        4870.0000  -9.3633951362355053E+06   9.8172985499165947E+01
        4880.0000  -9.3624160727286376E+06   9.7906350686773663E+01
        4890.0000  -9.3614397062626537E+06   9.7636646598391238E+01
        4900.0000  -9.3604660665073488E+06   9.7363975530490279E+01
        4910.0000  -9.3594951821260564E+06   9.7088438129238781E+01
        4920.0000  -9.3585270807920378E+06   9.6810133401863283E+01
        4930.0000  -9.3575617892045025E+06   9.6529158753529188E+01
        4940.0000  -9.3565993331047297E+06   9.6245609977282584E+01
        4950.0000  -9.3556397372917160E+06   9.5959581301361325E+01
        4960.0000  -9.3546830256379861E+06   9.5671165372990075E+01
        4970.0000  -9.3537292211048845E+06   9.5380453310161826E+01
        4980.0000  -9.3527783457580302E+06   9.5087534685432914E+01
        4990.0000  -9.3518304207824599E+06   9.4792497557029122E+01
        5000.0000  -9.3508854664974529E+06   9.4495428500697017E+01
        5010.0000  -9.3499435023715738E+06   9.4196412587910885E+01
        5020.0000  -9.3490045470371358E+06   9.3895533443801099E+01
        5030.0000  -9.3480686183048170E+06   9.3592873231880361E+01
        5040.0000  -9.3471357331780102E+06   9.3288512680679560E+01
        5050.0000  -9.3462059078669045E+06   9.2982531110569838E+01
        5060.0000  -9.3452791578025557E+06   9.2675006434880203E+01
        5070.0000  -9.3443554976508170E+06   9.2366015173867339E+01
        5080.0000  -9.3434349413259439E+06   9.2055632487311954E+01
        5090.0000  -9.3425175020041838E+06   9.1743932176008826E+01
        5100.0000  -9.3416031921372544E+06   9.1430986692942682E+01
        5110.0000  -9.3406920234654639E+06   9.1116867179051042E+01
        5120.0000  -9.3397840070308298E+06   9.0801643463410443E+01
        5130.0000  -9.3388791531901825E+06   9.0485384064726532E+01
        5140.0000  -9.3379774716277327E+06   9.0168156244978306E+01
        5150.0000  -9.3370789713678453E+06   8.9850025988742715E+01
        5160.0000  -9.3361836607874930E+06   8.9531058035232121E+01
        5170.0000  -9.3352915476286020E+06   8.9211315889097747E+01
        5180.0000  -9.3344026390103735E+06   8.8890861822851008E+01
        5190.0000  -9.3335169414410423E+06   8.8569756933115428E+01
        5200.0000  -9.3326344608301707E+06   8.8248061087168750E+01
        5210.0000  -9.3317552025001254E+06   8.7925833004526794E+01
        5220.0000  -9.3308791711977981E+06   8.7603130232729015E+01
        5230.0000  -9.3300063711061217E+06   8.7280009167641396E+01
        5240.0000  -9.3291368058554474E+06   8.6956525067426270E+01
        5250.0000  -9.3282704785345681E+06   8.6632732087932524E+01
        5260.0000  -9.3274073917019814E+06   8.6308683258667585E+01
        5270.0000  -9.3265475473967735E+06   8.5984430520795286E+01
        5280.0000  -9.3256909471492674E+06   8.5660024750605231E+01
        5290.0000  -9.3248375919919424E+06   8.5335515732504433E+01
        5300.0000  -9.3239874824696984E+06   8.5010952224396164E+01
        5310.0000  -9.3231406186503991E+06   8.4686381929926569E+01
        5320.0000  -9.3222970001351088E+06   8.4361851529031995E+01
        5330.0000  -9.3214566260680873E+06   8.4037406702153390E+01
        5340.0000  -9.3206194951470904E+06   8.3713092099688950E+01
        5350.0000  -9.3197856056328565E+06   8.3388951423391703E+01
        5360.0000  -9.3189549553591534E+06   8.3065027370303866E+01
        5370.0000  -9.3181275417421348E+06   8.2741361701861024E+01
        5380.0000  -9.3173033617901094E+06   8.2417995202541348E+01
        5390.0000  -9.3164824121126756E+06   8.2094967743381858E+01
        5400.0000  -9.3156646889299527E+06   8.1772318272292608E+01
        5410.0000  -9.3148501880818829E+06   8.1450084806978708E+01
        5420.0000  -9.3140389050371125E+06   8.1128304477035996E+01
        5430.0000  -9.3132308349017911E+06   8.0807013532146811E+01
        5440.0000  -9.3124259724284094E+06   8.0486247338168326E+01
        5450.0000  -9.3116243120244183E+06   8.0166040399111807E+01
        5460.0000  -9.3108258477607332E+06   7.9846426368504765E+01
        5470.0000  -9.3100305733801145E+06   7.9527438061870640E+01
        5480.0000  -9.3092384823054336E+06   7.9209107468090949E+01
        5490.0000  -9.3084495676480085E+06   7.8891465742513532E+01
        5500.0000  -9.3076638222153075E+06   7.8574543270096186E+01
        5510.0000  -9.3068812385191843E+06   7.8258369612321260E+01
        5520.0000  -9.3061018087836653E+06   7.7942973551899200E+01
        5530.0000  -9.3053255249524526E+06   7.7628383121266964E+01
        5540.0000  -9.3045523786968701E+06   7.7314625558257106E+01
        5550.0000  -9.3037823614230193E+06   7.7001727385073906E+01
        5560.0000  -9.3030154642793592E+06   7.6689714366011316E+01
        5570.0000  -9.3022516781639811E+06   7.6378611537814137E+01
        5580.0000  -9.3014909937317334E+06   7.6068443224765360E+01
        5590.0000  -9.3007334014012367E+06   7.5759233049675828E+01
        5600.0000  -9.2999788913619667E+06   7.5451003926992414E+01
        5610.0000  -9.2992274535810780E+06   7.5143778088875109E+01
        5620.0000  -9.2984790778100677E+06   7.4837577101029453E+01
        5630.0000  -9.2977337535916381E+06   7.4532421842962506E+01
        5640.0000  -9.2969914702659659E+06   7.4228332567214963E+01
        5650.0000  -9.2962522169774417E+06   7.3925328852422538E+01
        5660.0000  -9.2955159826808590E+06   7.3623429658263916E+01
        5670.0000  -9.2947827561477255E+06   7.3322653313353655E+01
        5680.0000  -9.2940525259723924E+06   7.3023017533309755E+01
        5690.0000  -9.2933252805782482E+06   7.2724539414420718E+01
        5700.0000  -9.2926010082234535E+06   7.2427235479466617E+01
        5710.0000  -9.2918796970070880E+06   7.2131121636554596E+01
        5720.0000  -9.2911613348748107E+06   7.1836213227733964E+01
        5730.0000  -9.2904459096244574E+06   7.1542525035329163E+01
        5740.0000  -9.2897334089118727E+06   7.1250071258470413E+01
        5750.0000  -9.2890238202562388E+06   7.0958865563385189E+01
        5760.0000  -9.2883171310455389E+06   7.0668921069987121E+01
        5770.0000  -9.2876133285419270E+06   7.0380250361189240E+01
        5780.0000  -9.2869123998870160E+06   7.0092865491099658E+01
        5790.0000  -9.2862143321069106E+06   6.9806778010539716E+01
        5800.0000  -9.2855191121174060E+06   6.9521998950466511E+01
        5810.0000  -9.2848267267289050E+06   6.9238538850098848E+01
        5820.0000  -9.2841371626513749E+06   6.8956407753005621E+01
        5830.0000  -9.2834504064991511E+06   6.8675615222379562E+01
        5840.0000  -9.2827664447956178E+06   6.8396170353330675E+01
        5850.0000  -9.2820852639779877E+06   6.8118081763014203E+01
        5860.0000  -9.2814068504018281E+06   6.7841357615962622E+01
        5870.0000  -9.2807311903454568E+06   6.7566005637124178E+01
        5880.0000  -9.2800582700145468E+06   6.7292033091001215E+01
        5890.0000  -9.2793880755463094E+06   6.7019446823745966E+01
        5900.0000  -9.2787205930138864E+06   6.6748253242298958E+01
        5910.0000  -9.2780558084304444E+06   6.6478458344191310E+01
        5920.0000  -9.2773937077532969E+06   6.6210067714750764E+01
        5930.0000  -9.2767342768880278E+06   6.5943086526915437E+01
        5940.0000  -9.2760775016923137E+06   6.5677519571408624E+01
        5950.0000  -9.2754233679799661E+06   6.5413371234759694E+01
        5960.0000  -9.2747718615246378E+06   6.5150645532831547E+01
        5970.0000  -9.2741229680635855E+06   6.4889346105232832E+01
        5980.0000  -9.2734766733013783E+06   6.4629476220719511E+01
        5990.0000  -9.2728329629135448E+06   6.4371038783341646E+01
        6000.0000  -9.2721918225499447E+06   6.4114036360010502E+01
        6010.0000  -9.2715532378384564E+06   6.3858471148833630E+01
        6020.0000  -9.2709171943881903E+06   6.3604345026612279E+01
        6030.0000  -9.2702836777929291E+06   6.3351659526117146E+01
        6040.0000  -9.2696526736343317E+06   6.3100415859743954E+01
        6050.0000  -9.2690241674852073E+06   6.2850614912435411E+01
        6060.0000  -9.2683981449125223E+06   6.2602257268503308E+01
        6070.0000  -9.2677745914806258E+06   6.2355343189649282E+01
        6080.0000  -9.2671534927541688E+06   6.2109872645698488E+01
        6090.0000  -9.2665348343010563E+06   6.1865845311246815E+01
        6100.0000  -9.2659186016953103E+06   6.1623260574601588E+01
        6110.0000  -9.2653047805199921E+06   6.1382117531821130E+01
        6120.0000  -9.2646933563698381E+06   6.1142415015399457E+01
        6130.0000  -9.2640843148540370E+06   6.0904151580110195E+01
        6140.0000  -9.2634776415988337E+06   6.0667325520329179E+01
        6150.0000  -9.2628733222501520E+06   6.0431934868171808E+01
        6160.0000  -9.2622713424761053E+06   6.0197977404668926E+01
        6170.0000  -9.2616716879694592E+06   5.9965450664609669E+01
        6180.0000  -9.2610743444500268E+06   5.9734351943247020E+01
        6190.0000  -9.2604792976671066E+06   5.9504678292013708E+01
        6200.0000  -9.2598865334016494E+06   5.9276426545716824E+01
        6210.0000  -9.2592960374686718E+06   5.9049593297764659E+01
        6220.0000  -9.2587077957192939E+06   5.8824174937792122E+01
        6230.0000  -9.2581217940430250E+06   5.8600167626887561E+01
        6240.0000  -9.2575380183697175E+06   5.8377567330747844E+01
        6250.0000  -9.2569564546716791E+06   5.8156369803845884E+01
        6260.0000  -9.2563770889657084E+06   5.7936570597067472E+01
        6270.0000  -9.2557999073149208E+06   5.7718165078759192E+01
        6280.0000  -9.2552248958307672E+06   5.7501148415356873E+01
        6290.0000  -9.2546520406746510E+06   5.7285515611618756E+01
        6300.0000  -9.2540813280600272E+06   5.7071261462382971E+01
        6310.0000  -9.2535127442538831E+06   5.6858380614407359E+01
        6320.0000  -9.2529462755785380E+06   5.6646867534518243E+01
        6330.0000  -9.2523819084133338E+06   5.6436716520413754E+01
        6340.0000  -9.2518196291961763E+06   5.6227921715751293E+01
        6350.0000  -9.2512594244250506E+06   5.6020477112568912E+01
        6360.0000  -9.2507012806596290E+06   5.5814376542158428E+01
        6370.0000  -9.2501451845227461E+06   5.5609613688290118E+01
        6380.0000  -9.2495911227017045E+06   5.5406182104162873E+01
        6390.0000  -9.2490390819497276E+06   5.5204075197689235E+01
        6400.0000  -9.2484890490873437E+06   5.5003286238387226E+01
        6410.0000  -9.2479410110036395E+06   5.4803808370418849E+01
        6420.0000  -9.2473949546574429E+06   5.4605634619668123E+01
        6430.0000  -9.2468508670787010E+06   5.4408757874183358E+01
        6440.0000  -9.2463087353695035E+06   5.4213170919753608E+01
        6450.0000  -9.2457685467053391E+06   5.4018866416439415E+01
        6460.0000  -9.2452302883360684E+06   5.3825836927071215E+01
        6470.0000  -9.2446939475870747E+06   5.3634074899367988E+01
        6480.0000  -9.2441595118602980E+06   5.3443572677671909E+01
        6490.0000  -9.2436269686351120E+06   5.3254322518594563E+01
        6500.0000  -9.2430963054693546E+06   5.3066316575743258E+01
        6510.0000  -9.2425675100002624E+06   5.2879546909220515E+01
        6520.0000  -9.2420405699452497E+06   5.2694005501270297E+01
        6530.0000  -9.2415154731028378E+06   5.2509684241190556E+01
        6540.0000  -9.2409922073533852E+06   5.2326574945263566E+01
        6550.0000  -9.2404707606598865E+06   5.2144669349864124E+01
        6560.0000  -9.2399511210687868E+06   5.1963959109969437E+01
        6570.0000  -9.2394332767105475E+06   5.1784435823932291E+01
        6580.0000  -9.2389172158004083E+06   5.1606091013923290E+01
        6590.0000  -9.2384029266389944E+06   5.1428916141390800E+01
        6600.0000  -9.2378903976129256E+06   5.1252902606874706E+01
        6610.0000  -9.2373796171954237E+06   5.1078041750192639E+01
        6620.0000  -9.2368705739467852E+06   5.0904324863851073E+01
        6630.0000  -9.2363632565149963E+06   5.0731743178889154E+01
        6640.0000  -9.2358576536361091E+06   5.0560287888720630E+01
        6650.0000  -9.2353537541347817E+06   5.0389950132742527E+01
        6660.0000  -9.2348515469246600E+06   5.0220721012167630E+01
        6670.0000  -9.2343510210088082E+06   5.0052591585181652E+01
        6680.0000  -9.2338521654800698E+06   4.9885552873834968E+01
        6690.0000  -9.2333549695213586E+06   4.9719595871120688E+01
        6700.0000  -9.2328594224060886E+06   4.9554711527004841E+01
        6710.0000  -9.2323655134983212E+06   4.9390890776738523E+01
        6720.0000  -9.2318732322531883E+06   4.9228124513290823E+01
        6730.0000  -9.2313825682169572E+06   4.9066403623111547E+01
        6740.0000  -9.2308935110274497E+06   4.8905718950740990E+01
        6750.0000  -9.2304060504139885E+06   4.8746061346121131E+01
        6760.0000  -9.2299201761978120E+06   4.8587421617656943E+01
        6770.0000  -9.2294358782920130E+06   4.8429790579900143E+01
        6780.0000  -9.2289531467017569E+06   4.8273159025609495E+01
        6790.0000  -9.2284719715244137E+06   4.8117517734318973E+01
        6800.0000  -9.2279923429494482E+06   4.7962857496552168E+01
        6810.0000  -9.2275142512587253E+06   4.7809169072285293E+01
        6820.0000  -9.2270376868263930E+06   4.7656443233229218E+01
        6830.0000  -9.2265626401188038E+06   4.7504670758917925E+01
        6840.0000  -9.2260891016946975E+06   4.7353842410631479E+01
        6850.0000  -9.2256170622050893E+06   4.7203948960825798E+01
        6860.0000  -9.2251465123931207E+06   4.7054981196857987E+01
        6870.0000  -9.2246774430940878E+06   4.6906929903291164E+01
        6880.0000  -9.2242098452353925E+06   4.6759785869531335E+01
        6890.0000  -9.2237437098362967E+06   4.6613539909571408E+01
        6900.0000  -9.2232790280078650E+06   4.6468182843178511E+01
        6910.0000  -9.2228157909528147E+06   4.6323705505020918E+01
        6920.0000  -9.2223539899653737E+06   4.6180098744109273E+01
        6930.0000  -9.2218936164310370E+06   4.6037353433668613E+01
        6940.0000  -9.2214346618263870E+06   4.5895460464991629E+01
        6950.0000  -9.2209771177189387E+06   4.5754410744830963E+01
        6960.0000  -9.2205209757668097E+06   4.5614195212908086E+01
        6970.0000  -9.2200662277184874E+06   4.5474804832227527E+01
        6980.0000  -9.2196128654126916E+06   4.5336230579577389E+01
        6990.0000  -9.2191608807778582E+06   4.5198463483341037E+01
        7000.0000  -9.2187102658321038E+06   4.5061494575440882E+01
        7010.0000  -9.2182610126827359E+06   4.4925314936786890E+01
        7020.0000  -9.2178131135259178E+06   4.4789915681816638E+01
        7030.0000  -9.2173665606465600E+06   4.4655287935771049E+01
        7040.0000  -9.2169213464176450E+06   4.4521422891505061E+01
        7050.0000  -9.2164774633001331E+06   4.4388311751186848E+01
        7060.0000  -9.2160349038423859E+06   4.4255945774726570E+01
        7070.0000  -9.2155936606799625E+06   4.4124316242337230E+01
        7080.0000  -9.2151537265350521E+06   4.3993414491042493E+01
        7090.0000  -9.2147150942161418E+06   4.3863231891021130E+01
        7100.0000  -9.2142777566176224E+06   4.3733759851939979E+01
        7110.0000  -9.2138417067192364E+06   4.3604989838600162E+01
        7120.0000  -9.2134069375857692E+06   4.3476913346722725E+01
        7130.0000  -9.2129734423664548E+06   4.3349521931447086E+01
        7140.0000  -9.2125412142946683E+06   4.3222807178646327E+01
        7150.0000  -9.2121102466872800E+06   4.3096760738827285E+01
        7160.0000  -9.2116805329442173E+06   4.2971374306268991E+01
        7170.0000  -9.2112520665481053E+06   4.2846639611199500E+01
        7180.0000  -9.2108248410635293E+06   4.2722548457607630E+01
        7190.0000  -9.2103988501366936E+06   4.2599092683568600E+01
        7200.0000  -9.2099740874947980E+06   4.2476264189556240E+01
        7210.0000  -9.2095505469456334E+06   4.2354054916463795E+01
        7220.0000  -9.2091282223767787E+06   4.2232456885464487E+01
        7230.0000  -9.2087071077554338E+06   4.2111462134495376E+01
        7240.0000  -9.2082871971274745E+06   4.1991062795929608E+01
        7250.0000  -9.2078684846171681E+06   4.1871251030638817E+01
        7260.0000  -9.2074509644264448E+06   4.1752019072324039E+01
        7270.0000  -9.2070346308344491E+06   4.1633359199576077E+01
        7280.0000  -9.2066194781967904E+06   4.1515263765864077E+01
        7290.0000  -9.2062055009451155E+06   4.1397725167497995E+01
        7300.0000  -9.2057926935863812E+06   4.1280735873430970E+01
        7310.0000  -9.2053810507023577E+06   4.1164288402348760E+01
        7320.0000  -9.2049705669489987E+06   4.1048375335894526E+01
        7330.0000  -9.2045612370556910E+06   4.0932989330776039E+01
        7340.0000  -9.2041530558248609E+06   4.0818123083002867E+01
        7350.0000  -9.2037460181311853E+06   4.0703769367560746E+01
        7360.0000  -9.2033401189210434E+06   4.0589921014197174E+01
        7370.0000  -9.2029353532118332E+06   4.0476570921018720E+01
        7380.0000  -9.2025317160913423E+06   4.0363712049089372E+01
        7390.0000  -9.2021292027172372E+06   4.0251337410509585E+01
        7400.0000  -9.2017278083161581E+06   4.0139440107904377E+01
        7410.0000  -9.2013275281832833E+06   4.0028013287484647E+01
        7420.0000  -9.2009283576816302E+06   3.9917050165310499E+01
        7430.0000  -9.2005302922413889E+06   3.9806544024124740E+01
        7440.0000  -9.2001333273592163E+06   3.9696488217264417E+01
        7450.0000  -9.1997374585976806E+06   3.9586876153573392E+01
        7460.0000  -9.1993426815844886E+06   3.9477701319195333E+01
        7470.0000  -9.1989489920119513E+06   3.9368957253731786E+01
        7480.0000  -9.1985563856361192E+06   3.9260637583211064E+01
        7490.0000  -9.1981648582763635E+06   3.9152735975570977E+01
        7500.0000  -9.1977744058144353E+06   3.9045246192812918E+01
        7510.0000  -9.1973850241941176E+06   3.8938162031769750E+01
        7520.0000  -9.1969967094201930E+06   3.8831477392464876E+01
        7530.0000  -9.1966094575580247E+06   3.8725186216831204E+01
        7540.0000  -9.1962232647328321E+06   3.8619282519258562E+01
        7550.0000  -9.1958381271289457E+06   3.8513760388642552E+01
        7560.0000  -9.1954540409890972E+06   3.8408613984845580E+01
        7570.0000  -9.1950710026139598E+06   3.8303837513737378E+01
        7580.0000  -9.1946890083612185E+06   3.8199425274133681E+01
        7590.0000  -9.1943080546450261E+06   3.8095371619239451E+01
        7600.0000  -9.1939281379352584E+06   3.7991670976765455E+01
        7610.0000  -9.1935492547569554E+06   3.7888317830301823E+01
        7620.0000  -9.1931714016894568E+06   3.7785306749865413E+01
        7630.0000  -9.1927945753659159E+06   3.7682632354088128E+01
        7640.0000  -9.1924187724725008E+06   3.7580289341509342E+01
        7650.0000  -9.1920439897477031E+06   3.7478272479772571E+01
        7660.0000  -9.1916702239817753E+06   3.7376576592773198E+01
        7670.0000  -9.1912974720159862E+06   3.7275196578912436E+01
        7680.0000  -9.1909257307418548E+06   3.7174127413146195E+01
        7690.0000  -9.1905549971006848E+06   3.7073364116996530E+01
        7700.0000  -9.1901852680828031E+06   3.6972901788167654E+01
        7710.0000  -9.1898165407267045E+06   3.6872735609859227E+01
        7720.0000  -9.1894488121187333E+06   3.6772860797122121E+01
        7730.0000  -9.1890820793920886E+06   3.6673272664472464E+01
        7740.0000  -9.1887163397263959E+06   3.6573966569267213E+01
        7750.0000  -9.1883515903469026E+06   3.6474937949329615E+01
        7760.0000  -9.1879878285238892E+06   3.6376182301342489E+01
        7770.0000  -9.1876250515719485E+06   3.6277695194073019E+01
        7780.0000  -9.1872632568494622E+06   3.6179472248628734E+01
        7790.0000  -9.1869024417576957E+06   3.6081509176641703E+01
        7800.0000  -9.1865426037404649E+06   3.5983801723085342E+01
        7810.0000  -9.1861837402832024E+06   3.5886345726251605E+01
        7820.0000  -9.1858258489124887E+06   3.5789137071371080E+01
        7830.0000  -9.1854689271954093E+06   3.5692171707935628E+01
        7840.0000  -9.1851129727386776E+06   3.5595445673167703E+01
        7850.0000  -9.1847579831884094E+06   3.5498955026827751E+01
        7860.0000  -9.1844039562290739E+06   3.5402695933543143E+01
        7870.0000  -9.1840508895831797E+06   3.5306664589419960E+01
        7880.0000  -9.1836987810104080E+06   3.5210857277177276E+01
        7890.0000  -9.1833476283071227E+06   3.5115270328521731E+01
        7900.0000  -9.1829974293057527E+06   3.5019900136999787E+01
        7910.0000  -9.1826481818741281E+06   3.4924743162468076E+01
        7920.0000  -9.1822998839148358E+06   3.4829795929230748E+01
        7930.0000  -9.1819525333646815E+06   3.4735055015422404E+01
        7940.0000  -9.1816061281940807E+06   3.4640517060086133E+01
        7950.0000  -9.1812606664063297E+06   3.4546178775094447E+01
        7960.0000  -9.1809161460372396E+06   3.4452036909013984E+01
        7970.0000  -9.1805725651542898E+06   3.4358088294975460E+01
        7980.0000  -9.1802299218561482E+06   3.4264329814165833E+01
        7990.0000  -9.1798882142721452E+06   3.4170758400298652E+01
        8000.0000  -9.1795474405616224E+06   3.4077371052280071E+01
        8010.0000  -9.1792075989133101E+06   3.3984164831228554E+01
        8020.0000  -9.1788686875448134E+06   3.3891136849671604E+01
        8030.0000  -9.1785307047020644E+06   3.3798284274898471E+01
        8040.0000  -9.1781936486586872E+06   3.3705604337714611E+01
        8050.0000  -9.1778575177154839E+06   3.3613094320334497E+01
        8060.0000  -9.1775223101998381E+06   3.3520751564577225E+01
        8070.0000  -9.1771880244651306E+06   3.3428573470748958E+01
        8080.0000  -9.1768546588904262E+06   3.3336557470448312E+01
        8090.0000  -9.1765222118795011E+06   3.3244701092503966E+01
        8100.0000  -9.1761906818607412E+06   3.3153001875989141E+01
        8110.0000  -9.1758600672862772E+06   3.3061457446403800E+01
        8120.0000  -9.1755303666316848E+06   3.2970065459236501E+01
        8130.0000  -9.1752015783952735E+06   3.2878823641128839E+01
        8140.0000  -9.1748737010977194E+06   3.2787729755416514E+01
        8150.0000  -9.1745467332814522E+06   3.2696781626716259E+01
        8160.0000  -9.1742206735101696E+06   3.2605977128259838E+01
        8170.0000  -9.1738955203682836E+06   3.2515314188599589E+01
        8180.0000  -9.1735712724605780E+06   3.2424790770560506E+01
        8190.0000  -9.1732479284115061E+06   3.2334404907189310E+01
        8200.0000  -9.1729254868648499E+06   3.2244154665619135E+01
        8210.0000  -9.1726039464830887E+06   3.2154038176126775E+01
        8220.0000  -9.1722833059470691E+06   3.2064053601957859E+01
        8230.0000  -9.1719635639554262E+06   3.1974199164286254E+01
        8240.0000  -9.1716447192241643E+06   3.1884473126195370E+01
        8250.0000  -9.1713267704861537E+06   3.1794873801060021E+01
        8260.0000  -9.1710097164906431E+06   3.1705399551056324E+01
        8270.0000  -9.1706935560028851E+06   3.1616048775799573E+01
        8280.0000  -9.1703782878036108E+06   3.1526819927431642E+01
        8290.0000  -9.1700639106886238E+06   3.1437711498700082E+01
        8300.0000  -9.1697504234682918E+06   3.1348722033202648E+01
        8310.0000  -9.1694378249672148E+06   3.1259850107692181E+01
        8320.0000  -9.1691261140237153E+06   3.1171094349958004E+01
        8330.0000  -9.1688152894893717E+06   3.1082453434355557E+01
        8340.0000  -9.1685053502286933E+06   3.0993926067836583E+01
        8350.0000  -9.1681962951186951E+06   3.0905510999821125E+01
        8360.0000  -9.1678881230483744E+06   3.0817207032069565E+01
        8370.0000  -9.1675808329184633E+06   3.0729012991115450E+01
        8380.0000  -9.1672744236407913E+06   3.0640927767194807E+01
        8390.0000  -9.1669688941382207E+06   3.0552950257062911E+01
        8400.0000  -9.1666642433439419E+06   3.0465079427883030E+01
        8410.0000  -9.1663604702012613E+06   3.0377314268052579E+01
        8420.0000  -9.1660575736631136E+06   3.0289653814770283E+01
        8430.0000  -9.1657555526918583E+06   3.0202097125537694E+01
        8440.0000  -9.1654544062586594E+06   3.0114643319882454E+01
        8450.0000  -9.1651541333432924E+06   3.0027291536703707E+01
        8460.0000  -9.1648547329337690E+06   2.9940040952339768E+01
        8470.0000  -9.1645562040259205E+06   2.9852890784852207E+01
        8480.0000  -9.1642585456230436E+06   2.9765840287692846E+01
        8490.0000  -9.1639617567356303E+06   2.9678888741321863E+01
        8500.0000  -9.1636658363809809E+06   2.9592035464942455E+01
        8510.0000  -9.1633707835827935E+06   2.9505279818736017E+01
        8520.0000  -9.1630765973709226E+06   2.9418621187098324E+01
        8530.0000  -9.1627832767811101E+06   2.9332058981247247E+01
        8540.0000  -9.1624908208544701E+06   2.9245592663995922E+01
        8550.0000  -9.1621992286373023E+06   2.9159221716783939E+01
        8560.0000  -9.1619084991807956E+06   2.9072945650666952E+01
        8570.0000  -9.1616186315407269E+06   2.8986764006875454E+01
        8580.0000  -9.1613296247769464E+06   2.8900676378048956E+01
        8590.0000  -9.1610414779533986E+06   2.8814682354778050E+01
        8600.0000  -9.1607541901376266E+06   2.8728781577199697E+01
        8610.0000  -9.1604677604005001E+06   2.8642973712645471E+01
        8620.0000  -9.1601821878159977E+06   2.8557258450239896E+01
        8630.0000  -9.1598974714608993E+06   2.8471635509841143E+01
        8640.0000  -9.1596136104144454E+06   2.8386104645393790E+01
        8650.0000  -9.1593306037582047E+06   2.8300665624067186E+01
        8660.0000  -9.1590484505756702E+06   2.8215318253450096E+01
        8670.0000  -9.1587671499520801E+06   2.8130062359012662E+01
        8680.0000  -9.1584867009741366E+06   2.8044897794350980E+01
        8690.0000  -9.1582071027297620E+06   2.7959824437461794E+01
        8700.0000  -9.1579283543078210E+06   2.7874842194095255E+01
        8710.0000  -9.1576504547979180E+06   2.7789950990304352E+01
        8720.0000  -9.1573734032901842E+06   2.7705150773376225E+01
        8730.0000  -9.1570971988749150E+06   2.7620441526919603E+01
        8740.0000  -9.1568218406425249E+06   2.7535823239013553E+01
        8750.0000  -9.1565473276831470E+06   2.7451295937784018E+01
        8760.0000  -9.1562736590865813E+06   2.7366859656572341E+01
        8770.0000  -9.1560008339418974E+06   2.7282514468394218E+01
        8780.0000  -9.1557288513373714E+06   2.7198260452598333E+01
        8790.0000  -9.1554577103602141E+06   2.7114097715727986E+01
        8800.0000  -9.1551874100963697E+06   2.7030026384443044E+01
        8810.0000  -9.1549179496303517E+06   2.6946046601794659E+01
        8820.0000  -9.1546493280449510E+06   2.6862158540077509E+01
        8830.0000  -9.1543815444212295E+06   2.6778362372145057E+01
        8840.0000  -9.1541145978381205E+06   2.6694658310897648E+01
        8850.0000  -9.1538484873723965E+06   2.6611046572402120E+01
        8860.0000  -9.1535832120984122E+06   2.6527527398429811E+01
        8870.0000  -9.1533187710879929E+06   2.6444101041927933E+01
        8880.0000  -9.1530551634101830E+06   2.6360767780989409E+01
        8890.0000  -9.1527923881311826E+06   2.6277527900040148E+01
        8900.0000  -9.1525304443140775E+06   2.6194381710514428E+01
        8910.0000  -9.1522693310187776E+06   2.6111329529993235E+01
        8920.0000  -9.1520090473018009E+06   2.6028371697664262E+01
        8930.0000  -9.1517495922161508E+06   2.5945508565008641E+01
        8940.0000  -9.1514909648111202E+06   2.5862740503065289E+01
        8950.0000  -9.1512331641322244E+06   2.5780067889578639E+01
        8960.0000  -9.1509761892210245E+06   2.5697491119988264E+01
        8970.0000  -9.1507200391149744E+06   2.5615010605007409E+01
        8980.0000  -9.1504647128473315E+06   2.5532626764290036E+01
        8990.0000  -9.1502102094469648E+06   2.5450340036675335E+01
        9000.0000  -9.1499565279383082E+06   2.5368150865659118E+01
        9010.0000  -9.1497036673411764E+06   2.5286059713177384E+01
        9020.0000  -9.1494516266707070E+06   2.5204067046940327E+01
        9030.0000  -9.1492004049371071E+06   2.5122173359990121E+01
        9040.0000  -9.1489500011457689E+06   2.5040379133820533E+01
        9050.0000  -9.1487004142970014E+06   2.4958684876747430E+01
        9060.0000  -9.1484516433859114E+06   2.4877091109007598E+01
        9070.0000  -9.1482036874024179E+06   2.4795598349347710E+01
        9080.0000  -9.1479565453310627E+06   2.4714207135513426E+01
        9090.0000  -9.1477102161509227E+06   2.4632918014004826E+01
        9100.0000  -9.1474646988356132E+06   2.4551731530949475E+01
        9110.0000  -9.1472199923530780E+06   2.4470648253522814E+01
        9120.0000  -9.1469760956654977E+06   2.4389668758027256E+01
        9130.0000  -9.1467330077293850E+06   2.4308793611265720E+01
        9140.0000  -9.1464907274953183E+06   2.4228023406676947E+01
        9150.0000  -9.1462492539079152E+06   2.4147358740307389E+01
        9160.0000  -9.1460085859058462E+06   2.4066800206899643E+01
        9170.0000  -9.1457687224216610E+06   2.3986348418518901E+01
        9180.0000  -9.1455296623817291E+06   2.3906003993190826E+01
        9190.0000  -9.1452914047062304E+06   2.3825767549872399E+01
        9200.0000  -9.1450539483091217E+06   2.3745639710873366E+01
        9210.0000  -9.1448172920979280E+06   2.3665621119365095E+01
        9220.0000  -9.1445814349738713E+06   2.3585712405666708E+01
        9230.0000  -9.1443463758316357E+06   2.3505914223566652E+01
        9240.0000  -9.1441121135595441E+06   2.3426227209158242E+01
        9250.0000  -9.1438786470392980E+06   2.3346652024611831E+01
        9260.0000  -9.1436459751460273E+06   2.3267189327068628E+01
        9270.0000  -9.1434140967481993E+06   2.3187839782796800E+01
        9280.0000  -9.1431830107076820E+06   2.3108604051731525E+01
        9290.0000  -9.1429527158796545E+06   2.3029482802748682E+01
        9300.0000  -9.1427232111124508E+06   2.2950476720370354E+01
        9310.0000  -9.1424944952477571E+06   2.2871586469374598E+01
        9320.0000  -9.1422665671203882E+06   2.2792812736891211E+01
        9330.0000  -9.1420394255583566E+06   2.2714156203158200E+01
        9340.0000  -9.1418130693828017E+06   2.2635617555491628E+01
        9350.0000  -9.1415874974080604E+06   2.2557197474129499E+01
        9360.0000  -9.1413627084414624E+06   2.2478896659798920E+01
        9370.0000  -9.1411387012835257E+06   2.2400715793669224E+01
        9380.0000  -9.1409154747278113E+06   2.2322655571438371E+01
        9390.0000  -9.1406930275608879E+06   2.2244716692343353E+01
        9400.0000  -9.1404713585624415E+06   2.2166899844631551E+01
        9410.0000  -9.1402504665051699E+06   2.2089205727167428E+01
        9420.0000  -9.1400303501547277E+06   2.2011635044217108E+01
        9430.0000  -9.1398110082699638E+06   2.1934188476391135E+01
        9440.0000  -9.1395924396025650E+06   2.1856866739876569E+01
        9450.0000  -9.1393746428973246E+06   2.1779670524038373E+01
        9460.0000  -9.1391576168920621E+06   2.1702600526250897E+01
        9470.0000  -9.1389413603175692E+06   2.1625657449290156E+01
        9480.0000  -9.1387258718977142E+06   2.1548841985501348E+01
        9490.0000  -9.1385111503493357E+06   2.1472154837846755E+01
        9500.0000  -9.1382971943823770E+06   2.1395596695877611E+01
        9510.0000  -9.1380840026997831E+06   2.1319168259389699E+01
        9520.0000  -9.1378715739975404E+06   2.1242870224267243E+01
        9530.0000  -9.1376599069647957E+06   2.1166703274473548E+01
        9540.0000  -9.1374490002836622E+06   2.1090668113343419E+01
        9550.0000  -9.1372388526294567E+06   2.1014765420556067E+01
        9560.0000  -9.1370294626705088E+06   2.0938995894789695E+01
        9570.0000  -9.1368208290684242E+06   2.0863360208459198E+01
        9580.0000  -9.1366129504778348E+06   2.0787859058938920E+01
        9590.0000  -9.1364058255466036E+06   2.0712493123114108E+01
        9600.0000  -9.1361994529158715E+06   2.0637263073213397E+01
        9610.0000  -9.1359938312198538E+06   2.0562169601768254E+01
        9620.0000  -9.1357889590861574E+06   2.0487213369645179E+01
        9630.0000  -9.1355848351355921E+06   2.0412395056523383E+01
        9640.0000  -9.1353814579824004E+06   2.0337715319171547E+01
        9650.0000  -9.1351788262339756E+06   2.0263174842484297E+01
        9660.0000  -9.1349769384912606E+06   2.0188774271495639E+01
        9670.0000  -9.1347757933485154E+06   2.0114514274522662E+01
        9680.0000  -9.1345753893934879E+06   2.0040395502746104E+01
        9690.0000  -9.1343757252073698E+06   1.9966418611817062E+01
        9700.0000  -9.1341767993649170E+06   1.9892584245279430E+01
        9710.0000  -9.1339786104343813E+06   1.9818893053568900E+01
        9720.0000  -9.1337811569776461E+06   1.9745345673523843E+01
        9730.0000  -9.1335844375502467E+06   1.9671942739933730E+01
        9740.0000  -9.1333884507013503E+06   1.9598684889636935E+01
        9750.0000  -9.1331931949738543E+06   1.9525572749599814E+01
        9760.0000  -9.1329986689044200E+06   1.9452606943435967E+01
        9770.0000  -9.1328048710235395E+06   1.9379788088053466E+01
        9780.0000  -9.1326117998555005E+06   1.9307116803899408E+01
        9790.0000  -9.1324194539185148E+06   1.9234593698568641E+01
        9800.0000  -9.1322278317247741E+06   1.9162219374068080E+01
        9810.0000  -9.1320369317804463E+06   1.9089994432777168E+01
        9820.0000  -9.1318467525856849E+06   1.9017919476144016E+01
        9830.0000  -9.1316572926348038E+06   1.8945995088107885E+01
        9840.0000  -9.1314685504162051E+06   1.8874221859872343E+01
        9850.0000  -9.1312805244125426E+06   1.8802600366249681E+01
        9860.0000  -9.1310932131006792E+06   1.8731131186336277E+01
        9870.0000  -9.1309066149517726E+06   1.8659814890660346E+01
        9880.0000  -9.1307207284313776E+06   1.8588652039505540E+01
        9890.0000  -9.1305355519993547E+06   1.8517643202282489E+01
        9900.0000  -9.1303510841101632E+06   1.8446788919158280E+01
        9910.0000  -9.1301673232126627E+06   1.8376089750044049E+01
        9920.0000  -9.1299842677503545E+06   1.8305546230822802E+01
        9930.0000  -9.1298019161613695E+06   1.8235158898495136E+01
        9940.0000  -9.1296202668785024E+06   1.8164928286708893E+01
        9950.0000  -9.1294393183293045E+06   1.8094854919798671E+01
        9960.0000  -9.1292590689361207E+06   1.8024939318373800E+01
        9970.0000  -9.1290795171162151E+06   1.7955181990563869E+01
        9980.0000  -9.1289006612816919E+06   1.7885583452321590E+01
        9990.0000  -9.1287224998397101E+06   1.7816144198179245E+01
       10000.0000  -9.1285450311924834E+06   1.7746864722669123E+01
